# unix_time, cycles_done, cur_path, paths_total, pending_total, pending_favs, map_size, unique_crashes, unique_hangs, max_depth, execs_per_sec
1588005722, 0, 0, 1, 1, 1, 0.01%, 0, 0, 1, 296.30
1588005727, 6, 0, 1, 0, 0, 0.01%, 0, 0, 1, 510.90
1588005732, 16, 0, 1, 0, 0, 0.01%, 0, 0, 1, 476.44
1588005737, 19, 0, 1, 0, 0, 0.01%, 0, 0, 1, 245.49
1588005742, 23, 0, 1, 0, 0, 0.01%, 0, 0, 1, 192.58
1588005747, 26, 0, 1, 0, 0, 0.01%, 0, 0, 1, 179.86
1588005752, 30, 0, 1, 0, 0, 0.01%, 0, 0, 1, 174.64
1588005757, 33, 0, 1, 0, 0, 0.01%, 0, 0, 1, 172.12
1588005762, 36, 0, 1, 0, 0, 0.01%, 0, 0, 1, 166.19
1588005767, 40, 0, 1, 0, 0, 0.01%, 0, 0, 1, 168.77
1588005773, 43, 0, 1, 0, 0, 0.01%, 0, 0, 1, 170.79
1588005778, 47, 0, 1, 0, 0, 0.01%, 0, 0, 1, 171.84
1588005783, 50, 0, 1, 0, 0, 0.01%, 0, 0, 1, 175.87
1588005788, 54, 0, 1, 0, 0, 0.01%, 0, 0, 1, 178.73
1588005793, 57, 0, 1, 0, 0, 0.01%, 0, 0, 1, 178.15
1588005798, 61, 0, 1, 0, 0, 0.01%, 0, 0, 1, 176.85
1588005803, 65, 0, 1, 0, 0, 0.01%, 0, 0, 1, 177.80
1588005809, 68, 0, 1, 0, 0, 0.01%, 0, 0, 1, 177.85
1588005814, 72, 0, 1, 0, 0, 0.01%, 0, 0, 1, 178.24
1588005819, 75, 0, 1, 0, 0, 0.01%, 0, 0, 1, 177.45
1588005824, 79, 0, 1, 0, 0, 0.01%, 0, 0, 1, 174.02
1588005829, 82, 0, 1, 0, 0, 0.01%, 0, 0, 1, 173.38
1588005834, 86, 0, 1, 0, 0, 0.01%, 0, 0, 1, 171.80
1588005839, 89, 0, 1, 0, 0, 0.01%, 0, 0, 1, 176.75
1588005845, 93, 0, 1, 0, 0, 0.01%, 0, 0, 1, 176.91
1588005850, 96, 0, 1, 0, 0, 0.01%, 0, 0, 1, 179.07
1588005855, 100, 0, 1, 0, 0, 0.01%, 0, 0, 1, 177.54
1588005860, 104, 0, 1, 0, 0, 0.01%, 0, 0, 1, 179.19
1588005865, 107, 0, 1, 0, 0, 0.01%, 0, 0, 1, 178.75
1588005871, 111, 0, 1, 0, 0, 0.01%, 0, 0, 1, 177.36
1588005876, 114, 0, 1, 0, 0, 0.01%, 0, 0, 1, 176.95
1588005881, 118, 0, 1, 0, 0, 0.01%, 0, 0, 1, 175.67
1588005886, 121, 0, 1, 0, 0, 0.01%, 0, 0, 1, 173.57
1588005891, 125, 0, 1, 0, 0, 0.01%, 0, 0, 1, 171.31
1588005896, 128, 0, 1, 0, 0, 0.01%, 0, 0, 1, 170.32
1588005902, 132, 0, 1, 0, 0, 0.01%, 0, 0, 1, 175.34
1588005907, 136, 0, 1, 0, 0, 0.01%, 0, 0, 1, 178.78
1588005912, 139, 0, 1, 0, 0, 0.01%, 0, 0, 1, 179.54
1588005917, 143, 0, 1, 0, 0, 0.01%, 0, 0, 1, 178.53
1588005922, 146, 0, 1, 0, 0, 0.01%, 0, 0, 1, 179.21
1588005927, 150, 0, 1, 0, 0, 0.01%, 0, 0, 1, 178.54
1588005932, 154, 0, 1, 0, 0, 0.01%, 0, 0, 1, 179.51
1588005938, 157, 0, 1, 0, 0, 0.01%, 0, 0, 1, 177.06
1588005943, 161, 0, 1, 0, 0, 0.01%, 0, 0, 1, 175.31
1588005948, 164, 0, 1, 0, 0, 0.01%, 0, 0, 1, 172.81
1588005953, 168, 0, 1, 0, 0, 0.01%, 0, 0, 1, 171.99
1588005958, 171, 0, 1, 0, 0, 0.01%, 0, 0, 1, 172.68
1588005963, 175, 0, 1, 0, 0, 0.01%, 0, 0, 1, 174.97
1588005969, 178, 0, 1, 0, 0, 0.01%, 0, 0, 1, 175.43
1588005974, 182, 0, 1, 0, 0, 0.01%, 0, 0, 1, 177.43
1588005979, 185, 0, 1, 0, 0, 0.01%, 0, 0, 1, 179.03
1588005984, 189, 0, 1, 0, 0, 0.01%, 0, 0, 1, 178.22
1588005989, 192, 0, 1, 0, 0, 0.01%, 0, 0, 1, 174.53
1588005994, 196, 0, 1, 0, 0, 0.01%, 0, 0, 1, 174.62
1588006000, 199, 0, 1, 0, 0, 0.01%, 0, 0, 1, 175.56
1588006005, 203, 0, 1, 0, 0, 0.01%, 0, 0, 1, 173.01
1588006010, 206, 0, 1, 0, 0, 0.01%, 0, 0, 1, 171.46
1588006015, 210, 0, 1, 0, 0, 0.01%, 0, 0, 1, 170.77
1588006020, 213, 0, 1, 0, 0, 0.01%, 0, 0, 1, 175.32
1588006025, 217, 0, 1, 0, 0, 0.01%, 0, 0, 1, 175.96
1588006031, 221, 0, 1, 0, 0, 0.01%, 0, 0, 1, 177.20
1588006036, 224, 0, 1, 0, 0, 0.01%, 0, 0, 1, 175.96
1588006041, 228, 0, 1, 0, 0, 0.01%, 0, 0, 1, 176.45
1588006046, 231, 0, 1, 0, 0, 0.01%, 0, 0, 1, 175.46
