# unix_time, cycles_done, cur_path, paths_total, pending_total, pending_favs, map_size, unique_crashes, unique_hangs, max_depth, execs_per_sec
1588005168, 0, 0, 1, 1, 1, 0.01%, 0, 0, 1, 258.06
1588005174, 11, 0, 1, 0, 0, 0.01%, 0, 0, 1, 502.38
1588005179, 22, 0, 1, 0, 0, 0.01%, 0, 0, 1, 547.63
1588005184, 33, 0, 1, 0, 0, 0.01%, 0, 0, 1, 549.15
1588005189, 43, 0, 1, 0, 0, 0.01%, 0, 0, 1, 542.29
1588005194, 54, 0, 1, 0, 0, 0.01%, 0, 0, 1, 529.49
1588005199, 65, 0, 1, 0, 0, 0.01%, 0, 0, 1, 528.12
1588005204, 75, 0, 1, 0, 0, 0.01%, 0, 0, 1, 528.06
1588005210, 86, 0, 1, 0, 0, 0.01%, 0, 0, 1, 529.37
1588005215, 96, 0, 1, 0, 0, 0.01%, 0, 0, 1, 505.91
1588005220, 107, 0, 1, 0, 0, 0.01%, 0, 0, 1, 526.56
1588005225, 118, 0, 1, 0, 0, 0.01%, 0, 0, 1, 528.02
1588005230, 128, 0, 1, 0, 0, 0.01%, 0, 0, 1, 527.90
1588005235, 139, 0, 1, 0, 0, 0.01%, 0, 0, 1, 533.80
1588005240, 150, 0, 1, 0, 0, 0.01%, 0, 0, 1, 537.68
1588005246, 161, 0, 1, 0, 0, 0.01%, 0, 0, 1, 542.61
1588005251, 171, 0, 1, 0, 0, 0.01%, 0, 0, 1, 517.51
1588005256, 181, 0, 1, 0, 0, 0.01%, 0, 0, 1, 503.16
1588005261, 192, 0, 1, 0, 0, 0.01%, 0, 0, 1, 506.02
1588005266, 202, 0, 1, 0, 0, 0.01%, 0, 0, 1, 519.63
1588005271, 212, 0, 1, 0, 0, 0.01%, 0, 0, 1, 515.95
1588005276, 223, 0, 1, 0, 0, 0.01%, 0, 0, 1, 516.10
1588005282, 233, 0, 1, 0, 0, 0.01%, 0, 0, 1, 508.36
1588005287, 243, 0, 1, 0, 0, 0.01%, 0, 0, 1, 510.96
1588005292, 254, 0, 1, 0, 0, 0.01%, 0, 0, 1, 506.93
1588005297, 264, 0, 1, 0, 0, 0.01%, 0, 0, 1, 509.59
1588005302, 275, 0, 1, 0, 0, 0.01%, 0, 0, 1, 521.49
1588005308, 285, 0, 1, 0, 0, 0.01%, 0, 0, 1, 525.06
1588005313, 295, 0, 1, 0, 0, 0.01%, 0, 0, 1, 515.68
1588005318, 305, 0, 1, 0, 0, 0.01%, 0, 0, 1, 510.60
1588005323, 315, 0, 1, 0, 0, 0.01%, 0, 0, 1, 502.70
1588005328, 325, 0, 1, 0, 0, 0.01%, 0, 0, 1, 509.15
1588005333, 336, 0, 1, 0, 0, 0.01%, 0, 0, 1, 512.52
1588005338, 346, 0, 1, 0, 0, 0.01%, 0, 0, 1, 510.61
1588005343, 356, 0, 1, 0, 0, 0.01%, 0, 0, 1, 495.44
1588005348, 366, 0, 1, 0, 0, 0.01%, 0, 0, 1, 504.69
1588005353, 376, 0, 1, 0, 0, 0.01%, 0, 0, 1, 515.45
1588005358, 386, 0, 1, 0, 0, 0.01%, 0, 0, 1, 518.77
1588005363, 396, 0, 1, 0, 0, 0.01%, 0, 0, 1, 521.28
1588005368, 407, 0, 1, 0, 0, 0.01%, 0, 0, 1, 512.38
1588005374, 417, 0, 1, 0, 0, 0.01%, 0, 0, 1, 511.90
1588005379, 427, 0, 1, 0, 0, 0.01%, 0, 0, 1, 500.04
1588005384, 437, 0, 1, 0, 0, 0.01%, 0, 0, 1, 505.28
1588005389, 447, 0, 1, 0, 0, 0.01%, 0, 0, 1, 507.29
1588005394, 457, 0, 1, 0, 0, 0.01%, 0, 0, 1, 510.79
1588005399, 467, 0, 1, 0, 0, 0.01%, 0, 0, 1, 502.11
1588005404, 477, 0, 1, 0, 0, 0.01%, 0, 0, 1, 499.61
1588005409, 486, 0, 1, 0, 0, 0.01%, 0, 0, 1, 488.24
1588005414, 496, 0, 1, 0, 0, 0.01%, 0, 0, 1, 499.21
1588005419, 507, 0, 1, 0, 0, 0.01%, 0, 0, 1, 513.99
1588005425, 517, 0, 1, 0, 0, 0.01%, 0, 0, 1, 516.75
1588005430, 527, 0, 1, 0, 0, 0.01%, 0, 0, 1, 512.34
1588005435, 537, 0, 1, 0, 0, 0.01%, 0, 0, 1, 499.88
1588005440, 547, 0, 1, 0, 0, 0.01%, 0, 0, 1, 502.10
1588005445, 557, 0, 1, 0, 0, 0.01%, 0, 0, 1, 492.55
1588005450, 567, 0, 1, 0, 0, 0.01%, 0, 0, 1, 504.14
1588005455, 577, 0, 1, 0, 0, 0.01%, 0, 0, 1, 503.88
1588005460, 587, 0, 1, 0, 0, 0.01%, 0, 0, 1, 492.73
1588005465, 596, 0, 1, 0, 0, 0.01%, 0, 0, 1, 467.95
1588005470, 606, 0, 1, 0, 0, 0.01%, 0, 0, 1, 482.82
1588005475, 616, 0, 1, 0, 0, 0.01%, 0, 0, 1, 501.12
1588005480, 626, 0, 1, 0, 0, 0.01%, 0, 0, 1, 509.38
1588005485, 636, 0, 1, 0, 0, 0.01%, 0, 0, 1, 520.40
1588005491, 646, 0, 1, 0, 0, 0.01%, 0, 0, 1, 508.41
1588005496, 656, 0, 1, 0, 0, 0.01%, 0, 0, 1, 497.36
1588005501, 666, 0, 1, 0, 0, 0.01%, 0, 0, 1, 496.38
1588005506, 676, 0, 1, 0, 0, 0.01%, 0, 0, 1, 504.67
1588005511, 686, 0, 1, 0, 0, 0.01%, 0, 0, 1, 497.83
1588005516, 696, 0, 1, 0, 0, 0.01%, 0, 0, 1, 493.15
